nodes=[ 
1.00000e+02, 0.00000e+00; 
9.98904e+01, -2.09057e+00; 
9.98904e+01, 2.09057e+00; 
9.82958e+01, 1.88810e+00; 
9.71643e+01, -1.17370e-01; 
9.79213e+01, -2.68935e+00; 
9.78039e+01, 3.55165e+00; 
9.95630e+01, -4.15823e+00; 
9.95630e+01, 4.15823e+00; 
9.83987e+01, -4.09612e+00; 
9.59213e+01, 2.50678e+00; 
9.77120e+01, -5.44077e+00; 
9.62432e+01, -4.56457e+00; 
9.74575e+01, 5.56992e+00; 
9.90211e+01, -6.18034e+00; 
9.90211e+01, 6.18034e+00; 
9.37085e+01, -2.45625e+00; 
9.55879e+01, 5.23573e+00; 
9.31290e+01, 1.35710e+00; 
9.72047e+01, -7.08246e+00; 
9.73025e+01, 7.16947e+00; 
9.82709e+01, -8.13473e+00; 
9.82709e+01, 8.13473e+00; 
9.61792e+01, 7.80377e+00; 
9.28159e+01, 4.97890e+00; 
9.56312e+01, -7.67189e+00; 
9.00000e+01, 0.00000e+00; 
9.45228e+01, 8.75587e+00; 
9.73205e+01, -1.00000e+01; 
9.73205e+01, 1.00000e+01; 
9.22489e+01, -6.93732e+00; 
8.97482e+01, 2.22977e+00; 
8.97081e+01, -2.39854e+00; 
9.50865e+01, -9.96913e+00; 
9.10892e+01, 7.26058e+00; 
8.90056e+01, 4.34727e+00; 
8.87859e+01, -4.77585e+00; 
9.61803e+01, -1.17557e+01; 
9.61803e+01, 1.17557e+01; 
9.34650e+01, -1.05450e+01; 
9.29621e+01, 1.03550e+01; 
8.78096e+01, 6.24587e+00; 
8.96538e+01, -9.23766e+00; 
8.95284e+01, 9.37580e+00; 
9.48629e+01, -1.33826e+01; 
9.48629e+01, 1.33826e+01; 
8.72058e+01, -6.93369e+00; 
9.15405e+01, -1.20693e+01; 
9.15225e+01, 1.20838e+01; 
8.62202e+01, 7.82997e+00; 
9.33826e+01, -1.48629e+01; 
9.33826e+01, 1.48629e+01; 
8.73337e+01, -1.11711e+01; 
9.00761e+01, 1.39259e+01; 
8.96604e+01, -1.36316e+01; 
8.76922e+01, 1.19130e+01; 
8.50421e+01, -8.63579e+00; 
8.43177e+01, 9.01982e+00; 
9.17557e+01, -1.61803e+01; 
9.17557e+01, 1.61803e+01; 
8.92493e+01, 1.55632e+01; 
8.79287e+01, -1.51863e+01; 
8.76717e+01, 1.54432e+01; 
8.25167e+01, -9.67813e+00; 
8.49783e+01, -1.31792e+01; 
9.00000e+01, -1.73205e+01; 
9.00000e+01, 1.73205e+01; 
8.45388e+01, 1.29456e+01; 
8.21978e+01, 9.75549e+00; 
8.70760e+01, -1.66139e+01; 
8.55261e+01, 1.60622e+01; 
8.81347e+01, -1.82709e+01; 
8.81347e+01, 1.82709e+01; 
8.52692e+01, -1.63326e+01; 
8.17628e+01, 1.26899e+01; 
7.99672e+01, 9.99995e+00; 
8.32333e+01, 1.50188e+01; 
8.00000e+01, -1.00000e+01; 
8.16003e+01, -1.32053e+01; 
8.61803e+01, -1.90211e+01; 
8.61803e+01, 1.90211e+01; 
8.36260e+01, 1.70059e+01; 
8.28661e+01, -1.64216e+01; 
8.15351e+01, 1.51050e+01; 
7.77383e+01, 9.74088e+00; 
7.72035e+01, -9.60102e+00; 
7.88906e+01, -1.29723e+01; 
7.87795e+01, 1.29534e+01; 
8.41582e+01, -1.95630e+01; 
8.41582e+01, 1.95630e+01; 
8.16998e+01, 1.74095e+01; 
8.04961e+01, -1.65035e+01; 
7.94368e+01, 1.54187e+01; 
7.56233e+01, 8.99134e+00; 
7.66034e+01, 1.16802e+01; 
7.47737e+01, -8.52561e+00; 
8.20906e+01, -1.98904e+01; 
8.20906e+01, 1.98904e+01; 
7.62522e+01, -1.24545e+01; 
7.96924e+01, 1.76233e+01; 
7.81379e+01, -1.64154e+01; 
7.37286e+01, 7.78905e+00; 
7.77775e+01, 1.60430e+01; 
7.45881e+01, 1.07791e+01; 
7.55082e+01, 1.31447e+01; 
7.62450e+01, 1.49733e+01; 
7.27129e+01, -6.84826e+00; 
8.00000e+01, -2.00000e+01; 
8.00000e+01, 2.00000e+01; 
7.77805e+01, 1.78277e+01; 
7.21497e+01, 6.19457e+00; 
7.25378e+01, 9.70339e+00; 
7.37772e+01, 1.27378e+01; 
7.11976e+01, -4.74535e+00; 
7.57638e+01, -1.64440e+01; 
7.32067e+01, -1.19048e+01; 
7.09661e+01, 4.28818e+00; 
7.02983e+01, -2.42439e+00; 
7.78940e+01, -2.00000e+01; 
7.78940e+01, 2.00000e+01; 
7.02374e+01, 2.16586e+00; 
7.57579e+01, 1.76445e+01; 
7.00000e+01, 0.00000e+00; 
7.35250e+01, 1.50151e+01; 
7.03472e+01, 8.23294e+00; 
7.15692e+01, 1.20128e+01; 
6.99146e+01, -8.71773e+00; 
7.38084e+01, -1.73893e+01; 
7.56903e+01, 2.00000e+01; 
7.56903e+01, -2.00000e+01; 
7.33618e+01, 1.74989e+01; 
7.13507e+01, -1.48001e+01; 
7.09741e+01, 1.46023e+01; 
6.78691e+01, 6.22499e+00; 
6.89876e+01, 1.10077e+01; 
6.71634e+01, 2.78612e+00; 
7.23862e+01, -1.82571e+01; 
6.67884e+01, -8.13450e-01; 
7.33607e+01, -2.00000e+01; 
7.33607e+01, 2.00000e+01; 
6.68742e+01, -5.55852e+00; 
7.08034e+01, 1.73362e+01; 
6.83684e+01, -1.23588e+01; 
6.99894e+01, -1.73819e+01; 
6.80805e+01, 1.40454e+01; 
7.09008e+01, -2.00000e+01; 
7.09008e+01, 2.00000e+01; 
6.60354e+01, 9.73991e+00; 
6.48428e+01, 5.95985e+00; 
6.80737e+01, 1.70877e+01; 
6.70779e+01, -1.54523e+01; 
6.51305e+01, -1.04650e+01; 
6.36390e+01, 3.43228e+00; 
6.80957e+01, -1.83767e+01; 
6.28539e+01, -5.85610e-01; 
6.83063e+01, -2.00000e+01; 
6.83063e+01, 2.00000e+01; 
6.30204e+01, 8.22226e+00; 
6.45736e+01, 1.34901e+01; 
6.22356e+01, -5.23428e+00; 
6.59913e+01, -1.77481e+01; 
6.39924e+01, -1.42021e+01; 
6.50877e+01, 1.69213e+01; 
6.55733e+01, 2.00000e+01; 
6.55733e+01, -2.00000e+01; 
6.13719e+01, -9.69653e+00; 
6.15073e+01, 1.16205e+01; 
6.23525e+01, 1.50737e+01; 
6.31253e+01, -1.71961e+01; 
5.95714e+01, 5.31951e+00; 
6.24222e+01, 1.72674e+01; 
5.84958e+01, -8.75000e-02; 
6.06205e+01, -1.35194e+01; 
6.26982e+01, 2.00000e+01; 
6.26982e+01, -2.00000e+01; 
6.01367e+01, 1.44350e+01; 
5.76951e+01, -5.16915e+00; 
5.82060e+01, 1.00683e+01; 
5.99653e+01, -1.68200e+01; 
5.75007e+01, -9.56746e+00; 
5.96347e+01, 1.71308e+01; 
5.71155e+01, -1.32439e+01; 
5.72107e+01, 1.37236e+01; 
5.96779e+01, 2.00000e+01; 
5.96779e+01, -2.00000e+01; 
5.42922e+01, 4.83982e+00; 
5.66711e+01, -1.66753e+01; 
5.35200e+01, -1.59290e-01; 
5.66446e+01, 1.69378e+01; 
5.42289e+01, 9.35431e+00; 
5.34791e+01, -9.97091e+00; 
5.65095e+01, -2.00000e+01; 
5.65095e+01, 2.00000e+01; 
5.22447e+01, -5.88848e+00; 
5.37146e+01, 1.31636e+01; 
5.35313e+01, -1.33729e+01; 
5.33227e+01, 1.66603e+01; 
5.32510e+01, -1.66769e+01; 
5.08473e+01, -1.10741e+01; 
4.98484e+01, 4.84474e+00; 
5.02123e+01, 9.02334e+00; 
5.31910e+01, -2.00000e+01; 
5.31910e+01, 2.00000e+01; 
4.86633e+01, 2.54890e-01; 
5.03637e+01, -1.35657e+01; 
5.00108e+01, 1.28098e+01; 
4.88071e+01, -9.68423e+00; 
4.98992e+01, -1.66914e+01; 
4.97357e+01, 1.64299e+01; 
4.71375e+01, -4.30669e+00; 
4.97207e+01, -2.00000e+01; 
4.97207e+01, 2.00000e+01; 
4.73252e+01, -1.30961e+01; 
4.61388e+01, 8.85130e+00; 
4.54635e+01, 4.89487e+00; 
4.62314e+01, 1.25993e+01; 
4.50575e+01, -8.62493e+00; 
4.41472e+01, 6.40800e-01; 
4.64776e+01, -1.65437e+01; 
4.60965e+01, 1.63000e+01; 
4.60979e+01, 2.00000e+01; 
4.60979e+01, -2.00000e+01; 
4.25869e+01, -3.76631e+00; 
4.36527e+01, -1.25907e+01; 
4.19240e+01, 8.74812e+00; 
4.22884e+01, 1.24944e+01; 
4.10196e+01, 4.82237e+00; 
4.28500e+01, -1.63350e+01; 
4.09003e+01, -8.03337e+00; 
4.23371e+01, 1.62237e+01; 
3.96407e+01, 6.37040e-01; 
4.23223e+01, 2.00000e+01; 
4.23223e+01, -2.00000e+01; 
3.96401e+01, -1.22543e+01; 
3.82235e+01, -3.60368e+00; 
3.81591e+01, 1.24514e+01; 
3.75060e+01, 8.68265e+00; 
3.89474e+01, -1.62055e+01; 
3.65394e+01, 4.75429e+00; 
3.67940e+01, -7.86838e+00; 
3.83533e+01, 1.61759e+01; 
3.83948e+01, -2.00000e+01; 
3.83948e+01, 2.00000e+01; 
3.51726e+01, 6.88660e-01; 
3.56877e+01, -1.21114e+01; 
3.36754e+01, -3.62862e+00; 
3.42348e+01, 1.24790e+01; 
3.50186e+01, -1.62087e+01; 
3.34016e+01, 8.77677e+00; 
3.45933e+01, 1.62215e+01; 
3.24251e+01, -7.96276e+00; 
3.20326e+01, 4.92515e+00; 
3.45578e+01, 2.00000e+01; 
3.45578e+01, -2.00000e+01; 
3.16326e+01, -1.22853e+01; 
3.04765e+01, 6.95700e-01; 
3.12375e+01, -1.63071e+01; 
3.03202e+01, 1.27551e+01; 
3.08016e+01, 1.64093e+01; 
2.89411e+01, -3.87438e+00; 
2.94062e+01, 9.12191e+00; 
3.08733e+01, -2.00000e+01; 
3.08733e+01, 2.00000e+01; 
2.84366e+01, -8.31239e+00; 
2.77127e+01, 5.47383e+00; 
2.80261e+01, -1.25204e+01; 
2.77355e+01, -1.64370e+01; 
2.68381e+01, 1.30102e+01; 
2.55866e+01, 1.11872e+00; 
2.72024e+01, 1.64813e+01; 
2.58211e+01, 9.83972e+00; 
2.73416e+01, 2.00000e+01; 
2.73416e+01, -2.00000e+01; 
2.43543e+01, -8.89206e+00; 
2.36837e+01, -4.10383e+00; 
2.45339e+01, -1.29688e+01; 
2.36526e+01, 6.80489e+00; 
2.33366e+01, 1.07087e+01; 
2.43798e+01, -1.65912e+01; 
2.36322e+01, 1.32300e+01; 
2.38285e+01, 1.65056e+01; 
2.39620e+01, -2.00000e+01; 
2.39620e+01, 2.00000e+01; 
2.11185e+01, -9.99372e+00; 
2.05116e+01, 2.87970e+00; 
2.13308e+01, -1.33014e+01; 
2.05990e+01, 9.27577e+00; 
2.02102e+01, -6.97187e+00; 
2.05244e+01, 1.29213e+01; 
2.11883e+01, -1.66812e+01; 
