% (c)Numerical Factory 2016
% 
% Coordinates 
% 
nodes=[ 
  0.000000e+00,  -1.000000e+00; 
  0.000000e+00,   4.000000e-01; 
  0.000000e+00,   5.500000e-01; 
  0.000000e+00,   7.000000e-01; 
  0.000000e+00,   8.500000e-01; 
  0.000000e+00,   1.000000e+00; 
  1.224647e-17,  -8.500000e-01; 
  2.449294e-17,  -7.000000e-01; 
  3.673940e-17,  -5.500000e-01; 
  4.898587e-17,  -4.000000e-01; 
  1.091725e-01,  -4.979887e-01; 
  1.173975e-01,  -7.695668e-01; 
  1.205391e-01,   7.716860e-01; 
  1.213330e-01,   8.988849e-01; 
  1.217391e-01,   6.357209e-01; 
  1.236068e-01,   3.804226e-01; 
  1.236068e-01,  -3.804226e-01; 
  1.236149e-01,  -8.972885e-01; 
  1.246845e-01,   5.039415e-01; 
  1.250000e-01,  -1.000000e+00; 
  1.250000e-01,   1.000000e+00; 
  1.303640e-01,  -6.254950e-01; 
  2.337084e-01,  -7.213635e-01; 
  2.351141e-01,   3.236068e-01; 
  2.351141e-01,  -3.236068e-01; 
  2.372021e-01,  -4.658632e-01; 
  2.427393e-01,   7.129667e-01; 
  2.441150e-01,   8.532544e-01; 
  2.483092e-01,  -8.527252e-01; 
  2.500000e-01,  -1.000000e+00; 
  2.500000e-01,   1.000000e+00; 
  2.511545e-01,   5.769348e-01; 
  2.531704e-01,   4.497907e-01; 
  2.740114e-01,  -6.018808e-01; 
  3.236068e-01,  -2.351141e-01; 
  3.236068e-01,   2.351141e-01; 
  3.613069e-01,   7.818330e-01; 
  3.616961e-01,  -7.571886e-01; 
  3.631708e-01,   3.660518e-01; 
  3.639830e-01,  -3.628842e-01; 
  3.659347e-01,   6.467159e-01; 
  3.663891e-01,  -4.924355e-01; 
  3.744817e-01,   9.008467e-01; 
  3.750000e-01,  -1.000000e+00; 
  3.750000e-01,   1.000000e+00; 
  3.804226e-01,   1.236068e-01; 
  3.804226e-01,  -1.236068e-01; 
  3.807772e-01,  -8.899774e-01; 
  3.877329e-01,   5.071781e-01; 
  4.000000e-01,   2.449294e-17; 
  4.035240e-01,  -6.229385e-01; 
  4.571705e-01,   2.523554e-01; 
  4.577816e-01,  -2.466165e-01; 
  4.724023e-01,   7.380963e-01; 
  4.883012e-01,  -5.013133e-01; 
  4.888547e-01,   3.755664e-01; 
  4.917443e-01,  -7.270995e-01; 
  4.939892e-01,   6.179632e-01; 
  5.000000e-01,  -1.000000e+00; 
  5.000000e-01,   1.000000e+00; 
  5.027851e-01,  -3.770488e-01; 
  5.043433e-01,   8.647254e-01; 
  5.064221e-01,   1.402572e-01; 
  5.110488e-01,  -1.147205e-01; 
  5.148069e-01,  -8.668648e-01; 
  5.166843e-01,   1.663268e-02; 
  5.284954e-01,   5.014620e-01; 
  5.314646e-01,  -6.058170e-01; 
  5.947363e-01,   7.440508e-01; 
  6.006924e-01,  -2.365752e-01; 
  6.032940e-01,  -7.694829e-01; 
  6.057922e-01,   3.863150e-01; 
  6.137495e-01,   2.483039e-01; 
  6.233494e-01,   1.050884e-01; 
  6.236399e-01,   6.260626e-01; 
  6.250000e-01,  -1.000000e+00; 
  6.250000e-01,   1.000000e+00; 
  6.276184e-01,  -1.509830e-02; 
  6.285021e-01,  -4.991738e-01; 
  6.291776e-01,  -3.577285e-01; 
  6.300856e-01,   8.601812e-01; 
  6.360636e-01,  -1.186818e-01; 
  6.378036e-01,  -6.457395e-01; 
  6.585094e-01,   5.027331e-01; 
  6.593183e-01,  -8.815552e-01; 
  7.193162e-01,   3.663124e-01; 
  7.257624e-01,  -7.542660e-01; 
  7.271882e-01,   1.362529e-01; 
  7.338839e-01,   8.858499e-01; 
  7.362405e-01,  -3.923769e-01; 
  7.375238e-01,  -1.443420e-01; 
  7.394235e-01,   7.499681e-01; 
  7.471909e-01,   6.149035e-01; 
  7.500000e-01,  -1.000000e+00; 
  7.500000e-01,   1.000000e+00; 
  7.512034e-01,  -2.686755e-01; 
  7.560197e-01,  -2.704507e-03; 
  7.628297e-01,  -4.991921e-01; 
  7.650161e-01,  -6.235193e-01; 
  7.675288e-01,   2.483772e-01; 
  7.796096e-01,   4.884235e-01; 
  7.864851e-01,  -8.780302e-01; 
  8.520424e-01,   1.201984e-01; 
  8.522851e-01,  -7.577093e-01; 
  8.535940e-01,   8.776204e-01; 
  8.537203e-01,   3.644402e-01; 
  8.564154e-01,  -1.294228e-01; 
  8.669780e-01,  -3.962980e-01; 
  8.744710e-01,   6.218808e-01; 
  8.750000e-01,  -1.000000e+00; 
  8.750000e-01,   1.000000e+00; 
  8.785018e-01,   7.580241e-01; 
  8.813276e-01,  -5.332931e-01; 
  8.879244e-01,  -2.601989e-01; 
  8.901816e-01,  -6.542278e-01; 
  8.914796e-01,  -3.324966e-03; 
  8.945265e-01,   4.844527e-01; 
  8.973850e-01,   2.423097e-01; 
  9.052967e-01,  -8.740716e-01; 
  1.000000e+00,  -1.000000e+00; 
  1.000000e+00,  -8.750000e-01; 
  1.000000e+00,  -7.500000e-01; 
  1.000000e+00,  -6.250000e-01; 
  1.000000e+00,  -5.000000e-01; 
  1.000000e+00,  -3.750000e-01; 
  1.000000e+00,  -2.500000e-01; 
  1.000000e+00,  -1.250000e-01; 
  1.000000e+00,   0.000000e+00; 
  1.000000e+00,   1.250000e-01; 
  1.000000e+00,   2.500000e-01; 
  1.000000e+00,   3.750000e-01; 
  1.000000e+00,   5.000000e-01; 
  1.000000e+00,   6.250000e-01; 
  1.000000e+00,   7.500000e-01; 
  1.000000e+00,   8.750000e-01; 
  1.000000e+00,   1.000000e+00; 
]; 
% 
% Elements 
% 
