nodes= [
       100.00000   ,         0.00000  ;
       100.00000   ,         0.00000  ;
        99.89044   ,        -2.09057  ;
        99.89044   ,         2.09057  ;
        98.29582   ,         1.88810  ;
        97.16431   ,        -0.11737  ;
        97.92134   ,        -2.68935  ;
        97.80387   ,         3.55165  ;
        99.56295   ,        -4.15823  ;
        99.56295   ,         4.15823  ;
        98.39874   ,        -4.09612  ;
        95.92127   ,         2.50678  ;
        97.71195   ,        -5.44077  ;
        96.24323   ,        -4.56457  ;
        97.45748   ,         5.56992  ;
        99.02113   ,        -6.18034  ;
        99.02113   ,         6.18034  ;
        93.70846   ,        -2.45625  ;
        95.58794   ,         5.23573  ;
        93.12896   ,         1.35710  ;
        97.20468   ,        -7.08246  ;
        97.30251   ,         7.16947  ;
        98.27091   ,        -8.13473  ;
        98.27091   ,         8.13473  ;
        96.17915   ,         7.80377  ;
        92.81591   ,         4.97890  ;
        95.63117   ,        -7.67189  ;
        90.00000   ,         0.00000  ;
        94.52278   ,         8.75587  ;
        97.32051   ,       -10.00000  ;
        97.32051   ,        10.00000  ;
        92.24885   ,        -6.93732  ;
        89.74824   ,         2.22977  ;
        89.70809   ,        -2.39854  ;
        95.08654   ,        -9.96913  ;
        91.08917   ,         7.26058  ;
        89.00562   ,         4.34727  ;
        88.78586   ,        -4.77585  ;
        96.18034   ,       -11.75570  ;
        96.18034   ,        11.75571  ;
        93.46500   ,       -10.54496  ;
        92.96208   ,        10.35495  ;
        87.80955   ,         6.24587  ;
        89.65378   ,        -9.23766  ;
        89.52836   ,         9.37580  ;
        94.86289   ,       -13.38261  ;
        94.86289   ,        13.38261  ;
        87.20583   ,        -6.93369  ;
        91.54045   ,       -12.06928  ;
        91.52252   ,        12.08379  ;
        86.22025   ,         7.82997  ;
        93.38261   ,       -14.86290  ;
        93.38261   ,        14.86290  ;
        87.33366   ,       -11.17107  ;
        90.07609   ,        13.92592  ;
        89.66040   ,       -13.63159  ;
        87.69221   ,        11.91295  ;
        85.04214   ,        -8.63579  ;
        84.31774   ,         9.01982  ;
        91.75570   ,       -16.18034  ;
        91.75570   ,        16.18034  ;
        89.24927   ,        15.56320  ;
        87.92868   ,       -15.18632  ;
        87.67174   ,        15.44316  ;
        82.51672   ,        -9.67813  ;
        84.97831   ,       -13.17923  ;
        80.00000   ,         0.00000  ;
        90.00000   ,       -17.32051  ;
        90.00000   ,        17.32051  ;
        84.53884   ,        12.94558  ;
        82.19783   ,         9.75549  ;
        87.07602   ,       -16.61394  ;
        85.52610   ,        16.06217  ;
        88.13473   ,       -18.27091  ;
        88.13473   ,        18.27091  ;
        85.26917   ,       -16.33258  ;
        81.76281   ,        12.68986  ;
        80.00000   ,       -10.00000  ;
        79.96724   ,         9.99995  ;
        83.23331   ,        15.01883  ;
        79.83073   ,        -9.99857  ;
        81.60032   ,       -13.20528  ;
        86.18034   ,       -19.02113  ;
        86.18034   ,        19.02113  ;
        83.62602   ,        17.00588  ;
        82.86610   ,       -16.42162  ;
        81.53506   ,        15.10502  ;
        77.73831   ,         9.74088  ;
        77.20351   ,        -9.60102  ;
        78.89057   ,       -12.97232  ;
        78.77952   ,        12.95337  ;
        84.15823   ,       -19.56295  ;
        84.15823   ,        19.56295  ;
        81.69985   ,        17.40950  ;
        80.49611   ,       -16.50354  ;
        79.43683   ,        15.41874  ;
        75.62326   ,         8.99134  ;
        76.60339   ,        11.68020  ;
        74.77372   ,        -8.52561  ;
        82.09057   ,       -19.89044  ;
        82.09057   ,        19.89044  ;
        76.25224   ,       -12.45454  ;
        79.69242   ,        17.62328  ;
        78.13791   ,       -16.41540  ;
        73.72858   ,         7.78905  ;
        77.77750   ,        16.04302  ;
        74.58814   ,        10.77911  ;
        75.50816   ,        13.14468  ;
        76.24497   ,        14.97329  ;
        72.71293   ,        -6.84826  ;
        80.00000   ,       -20.00000  ;
        80.00000   ,        20.00000  ;
        77.78046   ,        17.82769  ;
        72.14969   ,         6.19457  ;
        72.53783   ,         9.70339  ;
        73.77717   ,        12.73784  ;
        71.19764   ,        -4.74535  ;
        75.76384   ,       -16.44400  ;
        73.20675   ,       -11.90482  ;
        70.96609   ,         4.28818  ;
        70.29833   ,        -2.42439  ;
        77.89401   ,       -20.00000  ;
        77.89401   ,        20.00000  ;
        70.23736   ,         2.16586  ;
        75.75790   ,        17.64446  ;
        70.00021   ,        -0.06551  ;
        70.00000   ,         0.00000  ;
        73.52499   ,        15.01512  ;
        70.34721   ,         8.23294  ;
        71.56917   ,        12.01280  ;
        69.91455   ,        -8.71773  ;
        73.80845   ,       -17.38927  ;
        75.69033   ,        20.00000  ;
        75.69033   ,       -20.00000  ;
        73.36176   ,        17.49894  ;
        71.35074   ,       -14.80006  ;
        70.97407   ,        14.60229  ;
        67.86905   ,         6.22499  ;
        68.98762   ,        11.00767  ;
        67.16345   ,         2.78612  ;
        72.38619   ,       -18.25706  ;
        66.78838   ,        -0.81345  ;
        73.36073   ,       -20.00000  ;
        73.36073   ,        20.00000  ;
        66.87417   ,        -5.55852  ;
        70.80342   ,        17.33619  ;
        68.36844   ,       -12.35877  ;
        69.98940   ,       -17.38190  ;
        68.08047   ,        14.04539  ;
        70.90078   ,       -20.00000  ;
        70.90078   ,        20.00000  ;
        66.03544   ,         9.73991  ;
        64.84281   ,         5.95985  ;
        68.07369   ,        17.08766  ;
        67.07790   ,       -15.45230  ;
        65.13055   ,       -10.46499  ;
        63.63902   ,         3.43228  ;
        68.09566   ,       -18.37668  ;
        62.85395   ,        -0.58561  ;
        68.30628   ,       -20.00000  ;
        68.30628   ,        20.00000  ;
        63.02035   ,         8.22226  ;
        64.57364   ,        13.49010  ;
        62.23564   ,        -5.23428  ;
        65.99129   ,       -17.74813  ;
        63.99238   ,       -14.20214  ;
        65.08775   ,        16.92129  ;
        65.57329   ,        20.00000  ;
        65.57329   ,       -20.00000  ;
        61.37186   ,        -9.69653  ;
        61.50729   ,        11.62052  ;
        62.35252   ,        15.07365  ;
        63.12528   ,       -17.19610  ;
        59.57144   ,         5.31951  ;
        62.42220   ,        17.26744  ;
        58.49583   ,        -0.08750  ;
        60.62053   ,       -13.51936  ;
        62.69822   ,        20.00000  ;
        62.69822   ,       -20.00000  ;
        60.13674   ,        14.43497  ;
        57.69506   ,        -5.16915  ;
        58.20596   ,        10.06825  ;
        59.96533   ,       -16.82003  ;
        57.50072   ,        -9.56746  ;
        59.63473   ,        17.13084  ;
        57.11551   ,       -13.24387  ;
        57.21074   ,        13.72360  ;
        59.67786   ,        20.00000  ;
        59.67786   ,       -20.00000  ;
        54.29219   ,         4.83982  ;
        56.67115   ,       -16.67531  ;
        53.51999   ,        -0.15929  ;
        56.64460   ,        16.93784  ;
        54.22892   ,         9.35431  ;
        53.47907   ,        -9.97091  ;
        56.50951   ,       -20.00000  ;
        56.50951   ,        20.00000  ;
        52.24466   ,        -5.88848  ;
        53.71455   ,        13.16364  ;
